19230504635996241889323211464793389853200441898432193533418824549388714437278311472825529219130910806112178642403429187200994550476128332251604435584838239086106204832563699953

15811724054578007839578259527777013552915455325645433140171225566008482174292695667074563941593692314923508095567782982058301851583978202968155547734137109708059338407507695755

16137235953230893594815225832629032026805329829280752374646136426771038263115207941650478104534975885462696467019230608461458658187295604884550782701481130729373956023776406258

6986934828443200017675422623238678945619354355476878622912802922258804193097761865728228774234833729681104193660256753930227438826562220328691205395989511

2
4

13
3

17
3

19
5

23
5
