1680251558403250446210262170313203552925443422989652072748240450967038278098877557394114158184513495475693188703865486332084950316538530791467446678684540258592760025231340779646899133484700845320178375166265507829504318896252101861427774544593165541537

492951347350289481630132857011926668251734358417248067321672887257540867931280237382687840177907071763727062252933854344341094184105903213876048237493635460719775605691088924424268588541819833278624528467638198675232935567658319653942107994227098439322

588823927495358190340593711283693747077806529568952592004105280093664784350695665700753515946748429102002309775032007264605814941173181198152875789255067514766071690202338916975325223228485342627564939480871181573140806964126348841035737699618731839618

7317276358186758398525583242529208419226151112600696460925080470321181158122462408878714709790937317911281739579447775776605318107587795628537839650142243

2
5

563
3

569
5

571
4

577
4

587
3

593
4

599
3

601
5

607
4
