107528389426405259325458051544981075815107103302148595092450705078296553517693027788830894098469589366098110104346693238362678580021462505729065212296168329896258738020258435820055066869731498927654082829401722060869112905447516175255129783594536015001045766890011813699846063903840547341300700296442845646849990706978762272092170629708249245117537904459664474617119447441969441348885190723768581830953

85473711725683573745667569184981280746071069906679480443236751750119504072247888542831709687304406569240228493335862797790306072402389216179146510393112772007143763762789535684777152448152858627024865774804551002116499767484785387224604607123240725615413712830539223616882637593558111825867947480603595580836802430594305096345746144062134038657419479553095296863737441561190184101931651116981883208016

39855407961589839786468605249843605879359477656379536222868033465720263492520034429092570282509156902557101348815302342613040592694867503675472110113770267622412513762350357340661003101009238873547265178454560298066697037549082124944478791076838458430758089338271127696487554628011703288436577311592580560244282375327173459497340188280779479349887710939487673823206012651593204968342541364895257105152

10852201658768889582468007829375689909947613595896863695090449231410579614734621931446354148020897197643363762355797150972891090753988476445077566285208403

2
3

2918180263
3

2918180267
5

2918180299
4

2918180323
3

2918180333
3

2918180413
3

2918180449
5
