179233139131981554317055627127296445916003320813687309138642854908460994722016944321903052214585697948422513566959890029901026965493834895210823575887296583623499596364230621928502052045467574259291646951048007368374305591144341850381507675792426031211070698888957433186488032201231857398969238831416081895201146768331125880695640379758967651046133806491959847514842514977735652148644178866868958413264900954134793986708647395431737867909285960589775821608960180582574813719845810720865301636155803187884585525933016537227791609

94266568948448779717046603127973256734889856729888139605209355936739473442840178738846332903524311085380779145245635060913915454773458427758720195468033016563132577733633092721185405582655231727238965580629554308424018824528474574215627225218931272315513502953978682237553857826803503824286828595608821798651777646168392843800804993349571908931477039780035640199676965659840817415557667027095728263917857851868874116173282729746882622739438003839165078946957259528768487585612289059041015965473052025735918190622035175430459699

105524996389353788397279736033045112580983731250050350245675403328468212095953600714873373490868930774907849849911605611841539439488790736264147658667683078825007954190834727052985390005253760163604557410268690752937482418713224368268928471791441156296186043454963702724059906325994042989144267800166355253975540514604380786113010403738495188424187136769855617200360060576923692575685189420101581295892905191940852955945027190460866687580891744797190553674065832678405185400623638840355341500401063974525463610467156862679649373

8160420494966374988863621306162097936431894009499728207813930387764240716571969421178465645179502760539012404403666838386023359162304980777905873341147031

2
3

1033115545037
5

1033115545039
4

1033115545051
5

1033115545057
3

1033115545079
4

1033115545081
5

1033115545151
5
